,linguist,semantic,pragmatist,cultural_adaptor,medical_expert,terminologist,legal_expert,stylist
linguist,1.0,0.712,0.812,0.262,0.256,-0.009,-0.121,0.54
semantic,0.712,1.0,0.748,0.124,0.247,-0.195,-0.193,0.417
pragmatist,0.812,0.748,1.0,0.248,0.29,-0.006,-0.196,0.519
cultural_adaptor,0.262,0.124,0.248,1.0,0.335,-0.17,0.03,0.167
medical_expert,0.256,0.247,0.29,0.335,1.0,-0.021,-0.278,0.126
terminologist,-0.009,-0.195,-0.006,-0.17,-0.021,1.0,0.134,0.052
legal_expert,-0.121,-0.193,-0.196,0.03,-0.278,0.134,1.0,-0.033
stylist,0.54,0.417,0.519,0.167,0.126,0.052,-0.033,1.0
